73.3014919	20.05455564	221.787078857	152.703231812
73.3104919	20.05455564	141.033508301	152.703231812
73.3194919	20.05455564	266.931549072	152.703231812
73.3284919	20.05455564	376.877258301	152.703231812
73.3374919	20.05455564	272.904174805	152.703231812
73.3464919	20.05455564	403.743652344	152.703231812
73.3554919	20.05455564	401.408569336	152.703231812
73.3644919	20.05455564	353.529937744	152.703231812
73.3734919	20.05455564	512.276000977	152.703231812
73.3824919	20.05455564	504.252532959	152.703231812
73.3914919	20.05455564	517.583618164	152.703231812
73.3014919	20.04555564	354.992340088	152.703231812
73.3104919	20.04555564	156.812789917	152.703231812
73.3194919	20.04555564	238.787216187	152.703231812
73.3284919	20.04555564	180.058227539	152.703231812
73.3374919	20.04555564	246.615280151	152.703231812
73.3464919	20.04555564	257.116821289	152.703231812
73.3554919	20.04555564	284.60269165	152.703231812
73.3644919	20.04555564	442.526092529	152.703231812
73.3734919	20.04555564	308.722839355	152.703231812
73.3824919	20.04555564	548.287414551	152.703231812
73.3914919	20.04555564	538.886230469	152.703231812
73.3014919	20.03655564	459.625793457	152.703231812
73.3104919	20.03655564	350.726104736	152.703231812
73.3194919	20.03655564	257.461608887	152.703231812
73.3284919	20.03655564	196.144775391	152.703231812
73.3374919	20.03655564	266.569366455	152.703231812
73.3464919	20.03655564	190.212982178	152.703231812
73.3554919	20.03655564	273.170196533	152.703231812
73.3644919	20.03655564	266.910308838	152.703231812
73.3734919	20.03655564	283.905883789	152.703231812
73.3824919	20.03655564	507.79385376	152.703231812
73.3914919	20.03655564	416.496154785	152.703231812
73.3014919	20.02755564	251.759735107	152.703231812
73.3104919	20.02755564	412.849975586	152.703231812
73.3194919	20.02755564	374.063751221	152.703231812
73.3284919	20.02755564	394.807525635	152.703231812
73.3374919	20.02755564	408.242828369	152.703231812
73.3464919	20.02755564	256.267150879	152.703231812
73.3554919	20.02755564	286.190185547	152.703231812
73.3644919	20.02755564	229.860870361	152.703231812
73.3734919	20.02755564	418.837799072	152.703231812
73.3824919	20.02755564	337.15133667	152.703231812
73.3914919	20.02755564	473.0105896	152.703231812
73.3014919	20.01855564	375.484313965	152.703231812
73.3104919	20.01855564	359.124847412	152.703231812
73.3194919	20.01855564	450.437744141	152.703231812
73.3284919	20.01855564	441.845367432	152.703231812
73.3374919	20.01855564	378.595184326	152.703231812
73.3464919	20.01855564	330.279083252	152.703231812
73.3554919	20.01855564	301.694793701	152.703231812
73.3644919	20.01855564	280.809387207	152.703231812
73.3734919	20.01855564	250.500473022	152.703231812
73.3824919	20.01855564	267.806488037	152.703231812
73.3914919	20.01855564	287.783050537	152.703231812
73.3014919	20.00955564	263.537445068	152.703231812
73.3104919	20.00955564	225.218856812	152.703231812
73.3194919	20.00955564	354.097259521	152.703231812
73.3284919	20.00955564	427.537902832	152.703231812
73.3374919	20.00955564	470.478515625	152.703231812
73.3464919	20.00955564	469.937347412	152.703231812
73.3554919	20.00955564	448.504180908	152.703231812
73.3644919	20.00955564	309.911865234	152.703231812
73.3734919	20.00955564	263.729003906	152.703231812
73.3824919	20.00955564	424.219177246	152.703231812
73.3914919	20.00955564	429.540618896	152.703231812
73.3014919	20.00055564	199.904342651	152.703231812
73.3104919	20.00055564	380.752716064	152.703231812
73.3194919	20.00055564	286.098724365	152.703231812
73.3284919	20.00055564	356.307800293	152.703231812
73.3374919	20.00055564	432.230957031	152.703231812
73.3464919	20.00055564	435.87197876	152.703231812
73.3554919	20.00055564	448.269683838	152.703231812
73.3644919	20.00055564	390.467468262	152.703231812
73.3734919	20.00055564	421.348449707	152.703231812
73.3824919	20.00055564	445.156677246	152.703231812
73.3914919	20.00055564	481.900024414	152.703231812
73.3014919	19.99155564	194.36239624	152.703231812
73.3104919	19.99155564	295.532958984	152.703231812
73.3194919	19.99155564	395.151123047	152.703231812
73.3284919	19.99155564	379.822021484	152.703231812
73.3374919	19.99155564	439.307159424	152.703231812
73.3464919	19.99155564	411.406036377	152.703231812
73.3554919	19.99155564	469.823120117	152.703231812
73.3644919	19.99155564	449.616607666	152.703231812
73.3734919	19.99155564	421.304260254	152.703231812
73.3824919	19.99155564	452.694702148	152.703231812
73.3914919	19.99155564	446.580932617	152.703231812
73.3014919	19.98255564	220.421035767	152.703231812
73.3104919	19.98255564	242.078048706	152.703231812
73.3194919	19.98255564	330.276947021	152.703231812
73.3284919	19.98255564	293.682891846	152.703231812
73.3374919	19.98255564	321.259002686	152.703231812
73.3464919	19.98255564	278.400146484	152.703231812
73.3554919	19.98255564	309.953582764	152.703231812
73.3644919	19.98255564	383.141448975	152.703231812
73.3734919	19.98255564	393.657043457	152.703231812
73.3824919	19.98255564	454.648895264	152.703231812
73.3914919	19.98255564	429.210205078	152.703231812
73.3014919	19.97355564	225.545547485	152.703231812
73.3104919	19.97355564	229.654006958	152.703231812
73.3194919	19.97355564	235.345581055	152.703231812
73.3284919	19.97355564	258.085723877	152.703231812
73.3374919	19.97355564	262.650085449	152.703231812
73.3464919	19.97355564	277.131866455	152.703231812
73.3554919	19.97355564	344.834075928	152.703231812
73.3644919	19.97355564	359.921966553	152.703231812
73.3734919	19.97355564	383.467437744	152.703231812
73.3824919	19.97355564	359.801544189	152.703231812
73.3914919	19.97355564	381.256958008	152.703231812
73.3014919	19.96455564	321.933959961	152.703231812
73.3104919	19.96455564	240.754058838	152.703231812
73.3194919	19.96455564	314.246795654	152.703231812
73.3284919	19.96455564	291.177947998	152.703231812
73.3374919	19.96455564	338.58682251	152.703231812
73.3464919	19.96455564	353.888793945	152.703231812
73.3554919	19.96455564	288.057373047	152.703231812
73.3644919	19.96455564	351.324798584	152.703231812
73.3734919	19.96455564	316.538482666	152.703231812
73.3824919	19.96455564	339.050506592	152.703231812
73.3914919	19.96455564	355.572235107	152.703231812
